-50 -46
-49 -10
-49 33
-48 -44
-48 -24
-47 7
-45 -44
-45 -13
-43 -19
-43 36
-42 -45
-42 18
-38 6
-37 -35
-37 43
-34 6
-34 24
-34 46
-33 1
-32 -47
-31 32
-30 9
-30 32
-29 -19
-29 42
-26 4
-26 7
-25 20
-24 -37
-24 43
-23 46
-20 32
-18 -47
-18 32
-17 -41
-17 -17
-14 -46
-13 13
-10 -11
-10 25
-9 -11
-9 4
-9 12
-7 -50
-7 -21
-6 49
-5 -25
-5 -18
-4 -6
-4 48
-3 34
-2 -42
1 -10
1 41
3 18
4 -27
5 -15
5 5
9 -21
13 -13
15 -49
15 23
16 -24
16 22
17 -17
18 -48
18 -26
18 -3
21 9
22 -28
23 -27
24 21
26 -32
27 -43
28 -34
29 -3
29 8
31 -17
32 -24
34 34
35 15
36 -15
36 45
37 -41
37 -20
38 -38
39 -11
40 25
41 -22
41 0
42 43
43 -11
44 -4
44 3
46 -14
46 37
47 49
48 8
48 19
50 38
